2 3 4 5 6 12 13 14 20 21 22 23 24
1 2 5 6 7 11 12 14 15 19 20 23 24 25 34
6 7 11 15 24 25 34
6 7 10 11 15 16 24 25 33 34
7 10 11 15 16 25 33 34
7 8 10 11 16 25 26 32 33 34
7 8 10 11 16 25 26 32 33 34
7 8 9 10 11 16 17 25 26 33 34
6 7 9 10 11 16 17 24 25 31 33 34
6 7 9 10 11 16 17 24 25 31 33 34
5 6 7 9 10 11 16 17 23 24 25 30 33 34
4 5 6 9 10 11 16 17 22 23 24 30 33 34
4 5 9 10 11 16 17 22 23 29 33 34
3 4 9 10 11 16 17 21 22 29 30 31 32 33 34 35
3 10 11 16 21 28 29 30 31 32 33 34 35
2 10 11 16 20 28 29 30 31 32 33 34 35
2 10 11 15 16 20 33 34
1 8 10 11 15 16 19 26 33 34
1 2 3 4 5 6 7 11 15 19 20 21 22 23 24 25 33 34
1 2 3 4 5 6 7 12 14 15 19 20 21 22 23 24 25 33 34
0 1 2 3 4 5 6 7 13 18 19 20 21 22 23 24 25 32 33 34 35
