5 6 7 8 9 11 46 47 48 49
4 8 9 10 11 47 48 49
3 4 9 10 11 47 48 49
3 10 11 47 48 49
2 3 10 11 47 48 49
2 3 47 48 49
2 3 47 48 49
2 3 47 48 49
2 3 47 48 49
2 3 4 47 48 49
2 3 4 5 6 7 47 48 49
3 4 5 6 7 8 16 17 18 23 24 25 26 28 29 32 33 36 37 38 39 41 42 43 47 48 49 54 55 56
3 4 5 6 7 8 9 15 16 18 19 24 25 26 27 28 29 31 32 33 34 37 38 39 40 41 42 43 44 47 48 49 52 53 56 57
5 6 7 8 9 10 14 15 19 20 24 25 26 28 29 30 31 32 33 34 37 38 39 43 44 47 48 49 52 53 57
6 7 8 9 10 11 14 15 16 19 20 24 25 26 28 29 30 33 34 37 38 39 43 44 45 47 48 49 51 52 57 58
8 9 10 11 15 19 20 24 25 26 28 29 30 33 34 37 38 39 44 45 47 48 49 51 52 57 58
9 10 11 12 19 20 24 25 26 28 29 30 33 34 37 38 39 44 45 47 48 49 51 52 57 58
10 11 12 19 20 24 25 26 28 29 30 33 34 37 38 39 44 45 47 48 49 50 51 52 57 58
10 11 12 15 16 17 19 20 24 25 26 28 29 30 33 34 37 38 39 44 45 47 48 49 50 51 52 57 58
11 12 14 15 16 17 18 19 20 24 25 26 28 29 30 33 34 37 38 39 44 45 47 48 49 50 51 52 53 54 55 56 57 58
11 12 14 15 19 20 24 25 26 28 29 30 33 34 37 38 39 44 45 47 48 49 50 51 52
11 12 13 14 15 19 20 24 25 26 28 29 30 33 34 37 38 39 44 45 47 48 49 50 51 52
1 2 11 12 13 14 15 19 20 24 25 26 28 29 30 33 34 37 38 39 44 45 47 48 49 51 52
1 2 10 11 13 14 15 19 20 24 25 26 28 29 30 33 34 37 38 39 44 45 47 48 49 51 52 58
1 2 3 10 11 14 15 19 20 24 25 26 28 29 30 33 34 37 38 39 43 44 45 47 48 49 51 52 58
1 2 3 4 9 10 14 15 16 18 19 20 24 25 26 28 29 30 33 34 37 38 39 40 43 44 47 48 49 52 53 57
1 2 3 4 5 6 7 8 9 15 16 17 18 19 20 21 23 24 25 26 28 29 30 32 33 34 35 37 38 39 40 41 42 43 46 47 48 49 53 54 55 56
37 38 39
37 38 39
37 38 39
37 38 39
37 38 39
37 38 39
37 38 39
37 38 39
36 37 38 39